Techniques=AdaptiveSharpen,DPX,MXAO
Effects=AdaptiveSharpen.fx,DPX.fx,MXAO.fx
TechniqueSorting=AdaptiveSharpen,DPX,MXAO

[AdaptiveSharpen.fx]
curve_height=1.000000
L_compr_low=0.169000
D_compr_low=0.253000
curveslope=0.400000
L_overshoot=0.003000
D_overshoot=0.009000
scale_cs=0.056000
L_compr_high=0.337000
D_compr_high=0.504000
max_scale_lim=0.100000
pm_p=0.750000
scale_lim=0.100000

[DPX.fx]
RGB_Curve=8.000000,8.000000,8.000000
Strength=0.200000
RGB_C=0.360000,0.360000,0.340000
Contrast=0.100000
Saturation=3.000000
Colorfulness=2.500000

[MXAO.fx]
fMXAOAmbientOcclusionAmount=3.000000
bMXAOIndirectLightingEnable=0.000000
fMXAOIndirectLightingAmount=0.000000
fMXAONormalBias=0.800000
fMXAOIndirectLightingSaturation=0.000000
iMXAOSampleCount=32.000000
fMXAOSampleRadius=4.010000
bMXAOSmartSamplingEnable=1.000000
fMXAOSampleRandomization=1.000000
bMXAOBackfaceCheckEnable=1.000000
bMXAODebugViewEnable=0.000000
bMXAOSmoothNormalsEnable=0.000000
fMXAOBlurSharpness=3.900000
fMXAOBlurSteps=3.000000
iMXAOBayerDitherLevel=3.000000
fMXAOFadeoutStart=0.200000
fMXAOFadeoutEnd=0.400000
